sl_no,ac_code,polling_station_no,total_electors,1,2,3,4,5,6,7,8,9,10,11,12,13,14,15,16,17,18,19,20,21,22,23,0,total_valid_votes,rejected_votes,total,tendered_votes
0,39,0,0,106,2,575,650,615,5,1,0,1,0,0,0,1,2,1,0,0,0,0,3,2,2,2,15,1968,285,2268,0
1,39,1,0,0,0,0,0,0,0,0,0,0,0,0,0,0,0,0,0,0,0,0,0,0,0,0,0,0,0,0,0
1,39,1,0,29,1,156,210,570,1,1,1,1,1,0,3,2,1,1,2,1,0,2,1,1,5,0,6,990,0,996,0
2,39,2,0,0,0,0,0,0,0,0,0,0,0,0,0,0,0,0,0,0,0,0,0,0,0,0,0,0,0,0,0
2,39,2,0,3,4,5,6,7,8,9,10,11,12,13,14,15,16,0,0,0,0,0,0,0,0,0,19,17,18,20,21
2,39,2,0,3,4,5,6,7,8,9,10,11,12,13,14,15,16,0,0,0,0,0,0,0,0,0,19,17,18,20,21
2,39,2,0,3,4,5,6,7,8,9,10,11,12,13,14,15,16,0,0,0,0,0,0,0,0,0,19,17,18,20,21
2,39,2,0,3,4,5,6,7,8,9,10,11,12,13,14,15,16,0,0,0,0,0,0,0,0,0,19,17,18,20,21
2,39,2,0,3,4,5,6,7,8,9,10,11,12,13,14,15,16,0,0,0,0,0,0,0,0,0,19,17,18,20,21
2,39,2,0,3,4,5,6,7,8,9,10,11,12,13,14,15,16,0,0,0,0,0,0,0,0,0,19,17,18,20,21
2,39,2,0,3,4,5,6,7,8,9,10,11,12,13,14,15,16,0,0,0,0,0,0,0,0,0,19,17,18,20,21
2,39,2,0,3,4,5,6,7,8,9,10,11,12,13,14,15,16,0,0,0,0,0,0,0,0,0,19,17,18,20,21
2,39,2,0,3,4,5,6,7,8,9,10,11,12,13,14,15,16,0,0,0,0,0,0,0,0,0,19,17,18,20,21
2,39,2,0,3,4,5,6,7,8,9,10,11,12,13,14,15,16,0,0,0,0,0,0,0,0,0,19,17,18,20,21
2,39,2,0,3,4,5,6,7,8,9,10,11,12,13,14,15,16,0,0,0,0,0,0,0,0,0,19,17,18,20,21
2,39,2,0,3,4,5,6,7,8,9,10,11,12,13,14,15,16,0,0,0,0,0,0,0,0,0,19,17,18,20,21
2,39,2,0,32,2,196,247,500,4,1,0,1,1,2,2,2,5,0,2,1,0,1,0,2,5,0,5,1006,0,1011,0
2,39,2,0,3,4,5,6,7,8,9,10,11,12,13,14,15,16,0,0,0,0,0,0,0,0,0,19,17,18,20,21
2,39,2,0,3,4,5,6,7,8,9,10,11,12,13,14,15,16,0,0,0,0,0,0,0,0,0,19,17,18,20,21
2,39,2,0,3,4,5,6,7,8,9,10,11,12,13,14,15,16,0,0,0,0,0,0,0,0,0,19,17,18,20,21
2,39,2,0,3,4,5,6,7,8,9,10,11,12,13,14,15,16,0,0,0,0,0,0,0,0,0,19,17,18,20,21
2,39,2,0,3,4,5,6,7,8,9,10,11,12,13,14,15,16,0,0,0,0,0,0,0,0,0,19,17,18,20,21
2,39,2,0,3,4,5,6,7,8,9,10,11,12,13,14,15,16,0,0,0,0,0,0,0,0,0,19,17,18,20,21
2,39,2,0,3,4,5,6,7,8,9,10,11,12,13,14,15,16,0,0,0,0,0,0,0,0,0,19,17,18,20,21
2,39,2,0,3,4,5,6,7,8,9,10,11,12,13,14,15,16,0,0,0,0,0,0,0,0,0,19,17,18,20,21
2,39,2,0,3,4,5,6,7,8,9,10,11,12,13,14,15,16,0,0,0,0,0,0,0,0,0,19,17,18,20,21
2,39,2,0,3,4,5,6,7,8,9,10,11,12,13,14,15,16,0,0,0,0,0,0,0,0,0,19,17,18,20,21
2,39,2,0,3,4,5,6,7,8,9,10,11,12,13,14,15,16,0,0,0,0,0,0,0,0,0,19,17,18,20,21
2,39,2,0,3,4,5,6,7,8,9,10,11,12,13,14,15,16,0,0,0,0,0,0,0,0,0,19,17,18,20,21
2,39,2,0,3,4,5,6,7,8,9,10,11,12,13,14,15,16,0,0,0,0,0,0,0,0,0,19,17,18,20,21
2,39,2,0,3,4,5,6,7,8,9,10,11,12,13,14,15,16,0,0,0,0,0,0,0,0,0,19,17,18,20,21
3,39,3,0,13,0,123,182,386,0,0,1,2,0,1,1,0,0,0,1,0,1,0,0,0,2,1,3,714,0,717,0
4,39,4,0,10,0,165,118,184,1,0,0,0,0,0,0,0,0,0,1,0,0,0,0,2,0,0,0,481,0,481,0
5,39,5,0,13,0,123,112,428,3,1,0,1,0,0,1,0,1,1,0,0,0,1,0,2,1,0,2,688,0,690,0
6,39,6,0,10,1,84,118,319,0,1,0,1,0,0,0,1,0,1,1,0,0,0,0,0,0,0,2,537,0,539,0
7,39,7,0,12,0,134,151,250,2,0,0,0,0,1,0,0,0,0,0,0,0,0,0,2,1,0,1,553,0,554,0
8,39,8,0,18,0,210,153,172,4,1,0,1,0,1,0,1,2,0,1,0,4,1,1,2,3,0,0,575,0,575,0
9,39,9,0,11,1,176,298,184,1,1,0,0,0,0,1,2,1,0,2,0,0,0,2,0,4,0,0,684,0,684,0
10,39,10,0,8,2,76,131,515,2,0,0,0,0,1,2,0,0,0,0,0,1,0,0,0,0,0,1,738,0,739,0
11,39,11,0,32,0,140,240,432,23,0,0,0,0,0,2,0,2,1,1,0,2,3,0,5,3,1,1,887,0,888,0
12,39,12,0,19,0,90,228,433,7,0,0,0,0,0,1,0,2,0,0,0,0,0,1,0,0,0,3,781,0,784,0
13,39,13,0,17,3,299,356,125,3,1,0,0,0,0,0,0,1,0,0,0,0,2,0,0,0,1,1,808,0,809,0
14,39,14,0,23,0,76,159,614,5,0,0,0,0,0,1,0,0,0,1,1,0,0,0,1,0,1,0,882,0,882,0
15,39,15,0,0,0,0,0,0,0,0,0,0,0,0,0,0,0,0,0,0,0,0,0,0,0,0,0,0,0,0,0
15,39,15,0,9,2,127,151,283,0,0,0,0,0,0,0,1,0,0,1,1,0,0,0,1,0,0,1,576,0,577,0
16,39,16,0,9,1,252,328,31,1,2,1,1,2,0,0,0,0,0,1,1,2,2,1,0,0,1,0,636,0,636,0
16,39,16,0,0,0,0,0,0,0,0,0,0,0,0,0,0,0,0,0,0,0,0,0,0,0,0,0,0,0,0,0
17,39,17,0,7,0,207,323,45,0,5,0,1,5,0,2,0,1,1,1,0,1,1,0,0,0,0,2,600,0,602,0
17,39,17,0,0,0,0,0,0,0,0,0,0,0,0,0,0,0,0,0,0,0,0,0,0,0,0,0,0,0,0,0
18,39,18,0,16,2,323,167,338,5,1,1,1,1,0,1,1,4,0,1,0,1,3,2,0,1,3,0,872,0,872,0
19,39,19,0,13,0,170,217,138,0,1,1,2,0,1,0,0,0,0,0,0,0,1,0,1,0,0,2,545,0,547,0
20,39,20,0,8,0,207,196,139,2,1,0,0,0,0,2,0,3,0,0,0,0,2,1,1,0,0,0,562,0,562,0
21,39,21,0,36,0,297,264,95,2,0,2,2,1,1,2,1,4,0,1,1,1,5,1,0,2,1,2,719,0,721,0
22,39,22,0,13,1,175,205,80,1,0,0,0,2,0,1,1,0,0,0,0,0,2,1,0,1,5,2,488,0,490,0
23,39,23,0,8,0,54,103,423,3,0,0,0,0,0,2,0,0,0,0,0,1,0,0,1,2,1,2,598,0,600,0
24,39,24,0,11,0,154,177,251,1,0,0,1,2,0,0,0,1,0,0,0,0,1,0,0,1,1,0,601,0,601,0
25,39,25,0,20,0,151,206,345,0,0,0,0,0,1,1,0,1,1,3,0,1,2,2,2,6,1,0,743,0,743,0
26,39,26,0,14,1,265,248,235,0,2,0,0,1,0,2,2,1,1,2,1,0,0,4,0,2,0,0,781,0,781,0
27,39,27,0,12,0,233,218,156,3,2,0,2,0,0,0,0,1,0,0,0,0,0,1,0,0,0,0,628,0,628,0
28,39,28,0,20,4,174,247,371,2,0,1,0,1,1,0,0,0,0,1,0,1,3,0,1,1,0,1,828,0,829,0
29,39,29,0,15,1,233,289,79,0,1,0,0,4,1,0,0,1,1,0,0,0,1,2,2,0,0,0,630,0,630,0
29,39,29,0,0,0,0,0,0,0,0,0,0,0,0,0,0,0,0,0,0,0,0,0,0,0,0,0,0,0,0,0
30,39,30,0,21,0,134,262,396,2,1,2,0,0,1,1,0,1,0,0,1,3,2,0,3,4,0,5,834,0,839,0
30,39,30,0,0,0,0,0,0,0,0,0,0,0,0,0,0,0,0,0,0,0,0,0,0,0,0,0,0,0,0,0
31,39,31,0,10,0,251,264,125,2,0,1,0,1,0,1,2,2,0,0,2,0,2,1,0,1,0,4,665,0,669,0
31,39,31,0,0,0,0,0,0,0,0,0,0,0,0,0,0,0,0,0,0,0,0,0,0,0,0,0,0,0,0,0
32,39,32,0,22,0,141,249,96,6,0,0,0,0,1,0,0,0,0,2,0,0,0,0,0,0,0,3,517,0,520,0
33,39,33,0,9,1,130,170,137,4,1,1,1,0,0,1,0,0,0,0,1,0,3,1,1,6,0,1,467,0,468,0
34,39,34,0,9,0,82,123,168,4,0,0,1,0,0,0,0,0,0,0,0,1,0,1,0,2,0,0,391,0,391,0
35,39,35,0,22,0,355,216,49,0,1,0,0,0,0,0,0,1,0,0,1,1,4,1,0,0,0,1,651,0,652,0
36,39,36,0,15,0,95,175,133,2,0,1,0,0,0,0,0,0,2,2,1,0,1,0,1,2,0,2,430,0,432,0
37,39,37,0,18,1,118,258,172,5,1,0,0,0,0,0,0,1,0,1,0,0,2,0,2,1,0,0,580,0,580,0
38,39,38,0,16,1,64,149,193,1,1,0,0,0,0,0,0,0,0,0,0,1,1,1,0,0,0,0,428,0,428,0
39,39,39,0,24,2,200,211,195,3,2,1,1,0,0,0,0,3,0,0,0,2,4,1,1,2,0,3,652,0,655,0
40,39,40,0,18,1,215,332,257,1,2,1,1,1,3,3,2,1,1,2,1,2,6,3,2,4,2,2,861,0,863,0
41,39,41,0,18,1,151,250,128,1,0,1,0,0,1,0,2,0,0,2,0,0,1,0,0,1,0,3,557,0,560,0
42,39,42,0,22,1,157,253,198,1,0,0,1,1,0,0,1,1,0,1,0,0,0,0,1,1,0,3,639,0,642,0
43,39,43,0,0,0,0,0,0,0,0,0,0,0,0,0,0,0,0,0,0,0,0,0,0,0,0,0,0,0,0,0
43,39,43,0,20,2,194,368,200,1,0,1,0,1,0,0,1,0,0,2,1,0,6,3,1,1,4,1,806,0,807,0
44,39,44,0,0,0,0,0,0,0,0,0,0,0,0,0,0,0,0,0,0,0,0,0,0,0,0,0,0,0,0,0
44,39,44,0,21,0,253,231,91,4,0,0,0,0,0,0,1,3,0,1,3,1,1,1,1,0,0,0,612,0,612,0
45,39,45,0,27,1,359,333,81,0,0,0,0,0,0,1,0,1,0,0,0,0,2,0,0,0,0,4,805,0,809,0
45,39,45,0,0,0,0,0,0,0,0,0,0,0,0,0,0,0,0,0,0,0,0,0,0,0,0,0,0,0,0,0
46,39,46,0,10,3,219,199,34,1,1,0,0,0,0,0,0,1,0,1,0,0,1,1,0,0,1,2,472,0,474,0
47,39,47,0,37,1,309,314,62,2,0,0,1,0,0,0,0,1,0,2,1,0,0,0,0,0,2,2,732,0,734,0
48,39,48,0,8,0,189,117,74,4,0,0,1,0,0,0,0,0,0,0,0,0,0,0,0,0,0,5,393,0,398,0
49,39,49,0,11,1,228,274,110,7,1,0,0,0,1,0,0,0,0,0,0,1,0,0,0,0,0,3,634,0,637,0
50,39,50,0,14,0,187,227,371,0,1,2,0,1,0,2,0,3,0,1,0,0,2,0,0,0,1,3,812,0,815,0
51,39,51,0,22,1,158,213,397,5,0,0,1,0,1,1,2,3,0,2,1,2,0,0,4,3,0,3,816,0,819,0
52,39,52,0,21,0,402,228,71,3,0,0,0,1,1,1,0,0,0,1,0,0,1,0,0,1,0,3,731,0,734,0
53,39,53,0,25,1,270,295,168,6,4,0,0,0,0,0,0,1,0,0,1,2,0,1,3,1,0,3,778,0,781,0
54,39,54,0,14,0,201,205,157,7,0,0,1,2,0,0,0,0,0,0,0,0,2,0,0,1,0,0,590,0,590,0
55,39,55,0,14,0,246,241,150,4,0,0,0,1,1,0,0,0,1,0,1,0,1,0,1,1,0,2,662,0,664,0
56,39,56,0,35,0,304,233,78,0,0,0,1,0,0,0,1,0,1,0,0,0,2,1,0,0,0,6,656,0,662,0
57,39,57,0,25,1,228,261,45,0,0,0,0,1,0,1,0,1,0,0,0,0,3,0,0,0,0,2,566,0,568,0
57,39,57,0,0,0,0,0,0,0,0,0,0,0,0,0,0,0,0,0,0,0,0,0,0,0,0,0,0,0,0,0
58,39,58,0,20,0,253,249,53,1,0,0,0,1,1,0,0,0,0,0,0,0,0,0,1,0,0,2,579,0,581,0
58,39,58,0,0,0,0,0,0,0,0,0,0,0,0,0,0,0,0,0,0,0,0,0,0,0,0,0,0,0,0,0
59,39,59,0,22,0,169,156,24,0,0,0,0,0,0,0,0,0,0,0,0,0,1,0,0,0,0,1,372,0,373,0
59,39,59,0,0,0,0,0,0,0,0,0,0,0,0,0,0,0,0,0,0,0,0,0,0,0,0,0,0,0,0,0
60,39,60,0,13,0,191,160,49,3,0,5,0,0,0,1,0,0,0,0,0,0,2,0,0,0,0,3,424,0,427,0
61,39,61,0,11,2,185,141,31,3,0,1,0,0,0,0,0,0,0,0,0,3,2,0,0,0,0,2,379,0,381,0
62,39,62,0,22,0,215,218,77,4,0,2,3,0,0,1,0,0,0,0,0,1,2,1,0,0,0,1,546,0,547,0
63,39,63,0,12,0,167,194,82,2,0,1,1,0,0,0,0,0,0,0,0,2,0,1,0,1,0,2,463,0,465,0
64,39,64,0,16,1,359,215,46,2,0,0,0,0,0,0,0,0,0,0,1,1,3,0,1,0,0,4,645,0,649,0
65,39,65,0,37,2,373,386,133,3,0,0,0,0,0,0,1,0,0,0,0,0,0,0,0,3,0,2,938,0,940,0
66,39,66,0,7,1,235,176,68,2,0,0,0,0,0,0,0,0,1,0,1,3,0,0,3,1,0,1,498,0,499,0
67,39,67,0,12,1,273,152,51,1,0,0,0,0,0,0,0,1,0,1,0,1,2,0,0,1,0,1,496,0,497,0
68,39,68,0,42,1,477,518,35,0,0,1,0,0,3,0,0,3,0,0,2,0,1,2,0,0,1,2,1086,0,1088,0
69,39,69,0,10,0,229,216,24,1,0,0,0,0,1,0,0,0,0,0,1,0,0,1,0,0,0,1,483,0,484,0
70,39,70,0,9,0,164,145,224,2,0,0,0,0,0,0,0,0,0,0,0,0,1,0,0,0,0,0,545,0,545,0
71,39,71,0,0,0,0,0,0,0,0,0,0,0,0,0,0,0,0,0,0,0,0,0,0,0,0,0,0,0,0,0
71,39,71,0,18,15,230,408,107,0,0,1,1,1,0,2,0,1,0,0,1,0,4,0,0,2,0,2,791,0,793,0
72,39,72,0,0,0,0,0,0,0,0,0,0,0,0,0,0,0,0,0,0,0,0,0,0,0,0,0,0,0,0,0
72,39,72,0,11,8,206,259,96,2,0,0,0,1,1,1,0,0,0,1,0,1,1,1,1,0,0,3,590,0,593,0
73,39,73,0,5,0,84,136,59,0,0,0,0,0,0,0,0,0,0,1,0,0,0,0,0,0,0,0,285,0,285,0
73,39,73,0,0,0,0,0,0,0,0,0,0,0,0,0,0,0,0,0,0,0,0,0,0,0,0,0,0,0,0,0
74,39,74,0,22,2,309,416,169,2,1,0,0,1,0,2,0,0,0,0,0,1,0,0,0,3,0,3,928,0,931,0
75,39,75,0,47,4,244,364,152,4,2,0,0,3,2,6,5,2,0,2,2,4,5,1,0,4,4,7,857,0,864,0
76,39,76,0,24,1,275,472,70,0,0,0,1,0,3,1,0,0,1,1,0,3,2,1,0,0,0,0,855,0,855,0
77,39,77,0,24,1,272,340,140,9,2,1,0,1,2,1,2,5,1,1,0,3,4,1,2,3,3,3,818,0,821,0
78,39,78,0,20,1,132,195,238,2,0,0,0,0,1,1,0,0,0,2,0,0,2,1,0,2,0,3,597,0,600,0
79,39,79,0,15,1,294,257,204,2,1,0,1,0,2,2,1,1,0,2,1,1,6,5,2,4,0,0,802,0,802,0
80,39,80,0,17,2,153,215,584,3,1,0,1,0,3,1,2,2,0,0,2,1,1,0,3,0,0,1,991,0,992,0
81,39,81,0,16,1,140,249,67,1,0,0,0,0,2,0,1,1,1,0,0,1,0,0,0,0,0,2,480,0,482,0
82,39,82,0,12,3,192,136,416,2,2,1,0,0,0,2,0,2,1,1,1,1,1,0,2,5,0,1,780,0,781,0
83,39,83,0,14,0,93,61,355,2,0,0,0,0,0,1,0,0,0,1,6,0,1,1,3,0,0,1,538,0,539,0
84,39,84,0,8,1,193,241,300,2,0,0,1,2,1,1,3,2,0,2,4,1,3,3,3,2,0,0,773,0,773,0
85,39,85,0,0,0,0,0,0,0,0,0,0,0,0,0,0,0,0,0,0,0,0,0,0,0,0,0,0,0,0,0
85,39,85,0,9,2,119,342,186,1,2,2,0,1,1,1,3,1,1,0,3,0,1,2,1,0,1,0,679,0,679,0
86,39,86,0,0,0,0,0,0,0,0,0,0,0,0,0,0,0,0,0,0,0,0,0,0,0,0,0,0,0,0,0
86,39,86,0,12,0,179,270,225,2,0,0,0,0,0,2,1,3,0,1,0,3,2,6,2,2,0,0,710,0,710,0
87,39,87,0,0,0,0,0,0,0,0,0,0,0,0,0,0,0,0,0,0,0,0,0,0,0,0,0,0,0,0,0
87,39,87,0,8,1,57,93,392,1,0,0,1,0,2,21,0,1,0,1,0,0,0,0,2,2,0,2,582,0,584,0
88,39,88,0,24,2,137,386,62,2,0,1,0,1,1,7,2,3,2,2,2,0,9,1,2,1,2,2,649,0,651,0
89,39,89,0,12,1,131,238,136,1,0,2,0,0,0,7,1,0,0,1,0,1,2,0,1,3,0,2,537,0,539,0
90,39,90,0,21,0,195,251,123,1,1,0,0,0,1,2,0,0,0,1,1,6,3,1,1,2,0,2,610,0,612,0
91,39,91,0,15,1,48,150,225,0,1,0,0,0,1,0,0,0,0,0,1,0,0,0,1,0,0,1,443,0,444,0
92,39,92,0,28,2,257,426,70,0,1,1,0,0,3,1,2,1,0,1,1,2,0,3,0,0,0,1,799,0,800,0
93,39,93,0,25,2,168,376,146,2,0,0,1,3,4,5,1,6,0,2,2,2,4,5,2,2,1,2,759,0,761,0
94,39,94,0,6,1,180,183,40,0,0,0,0,1,0,0,0,0,0,1,0,0,3,2,2,2,1,0,422,0,422,0
95,39,95,0,5,0,205,157,57,0,1,0,0,0,0,0,0,1,0,0,0,0,3,1,1,1,0,0,432,0,432,0
96,39,96,0,2,0,261,278,69,1,0,0,0,0,1,0,0,0,0,0,0,0,1,1,0,1,0,1,615,0,616,0
97,39,97,0,7,1,61,198,396,1,1,0,1,0,1,0,0,0,1,0,0,0,1,0,0,2,1,2,672,0,674,0
98,39,98,0,17,0,105,242,318,3,0,0,1,0,1,1,1,1,0,3,0,1,1,1,0,11,0,1,707,0,708,0
99,39,99,0,0,0,0,0,0,0,0,0,0,0,0,0,0,0,0,0,0,0,0,0,0,0,0,0,0,0,0,0
99,39,99,0,14,3,89,187,642,2,2,0,1,2,1,2,2,1,0,4,0,6,4,5,8,7,1,3,983,0,986,0
100,39,100,0,0,0,0,0,0,0,0,0,0,0,0,0,0,0,0,0,0,0,0,0,0,0,0,0,0,0,0,0
100,39,100,0,12,2,111,313,68,2,1,0,0,0,1,1,2,0,0,1,1,0,2,2,1,0,1,2,521,0,523,0
101,39,101,0,0,0,0,0,0,0,0,0,0,0,0,0,0,0,0,0,0,0,0,0,0,0,0,0,0,0,0,0
101,39,101,0,19,1,243,314,154,2,1,1,2,0,0,1,3,3,2,3,1,0,0,0,1,1,1,1,753,0,754,0
102,39,102,0,13,2,210,247,85,0,0,0,1,0,1,1,0,0,0,1,1,0,2,1,2,2,0,2,569,0,571,0
103,39,103,0,10,2,198,392,43,2,0,1,0,0,0,1,1,1,0,0,0,0,1,6,1,0,0,1,659,0,660,0
104,39,104,0,30,1,259,237,81,0,0,0,0,0,0,0,0,0,1,0,0,1,0,1,0,0,0,1,611,0,612,0
105,39,105,0,30,0,106,195,713,3,1,1,0,0,1,0,0,0,1,3,1,2,0,2,4,9,1,3,1073,0,1076,0
106,39,106,0,9,0,14,76,868,0,0,0,0,1,0,0,0,0,0,1,0,0,1,0,1,2,0,1,973,0,974,0
107,39,107,0,34,2,206,273,98,2,1,0,0,0,0,0,0,1,0,0,1,1,0,1,0,2,0,3,622,0,625,0
108,39,108,0,42,1,251,268,293,1,0,0,0,0,0,0,0,2,0,1,0,1,2,1,0,1,1,1,865,0,866,0
109,39,109,0,18,0,47,161,400,3,0,1,0,0,1,0,0,0,0,1,1,0,2,2,5,3,0,0,645,0,645,0
110,39,110,0,10,2,76,108,269,0,0,0,0,0,0,2,0,0,0,0,0,0,1,2,4,2,1,0,477,0,477,0
111,39,111,0,16,0,92,235,316,2,0,0,0,0,1,0,0,0,0,0,0,1,0,4,3,2,0,4,672,0,676,0
112,39,112,0,22,0,73,240,353,2,2,1,2,0,1,2,0,1,0,3,0,0,1,0,0,1,2,3,706,0,709,0
113,39,113,0,0,0,0,0,0,0,0,0,0,0,0,0,0,0,0,0,0,0,0,0,0,0,0,0,0,0,0,0
113,39,113,0,25,1,154,153,624,1,1,0,0,1,1,0,1,0,1,1,0,1,1,1,5,4,0,2,976,0,978,0
114,39,114,0,0,0,0,0,0,0,0,0,0,0,0,0,0,0,0,0,0,0,0,0,0,0,0,0,0,0,0,0
114,39,114,0,23,1,109,292,96,0,0,1,0,0,1,1,0,1,0,6,1,0,2,0,1,2,0,3,537,0,540,0
115,39,115,0,0,0,0,0,0,0,0,0,0,0,0,0,0,0,0,0,0,0,0,0,0,0,0,0,0,0,0,0
115,39,115,0,17,2,210,293,78,2,0,0,0,0,1,0,1,0,0,1,1,1,2,1,0,1,0,1,611,0,612,0
116,39,116,0,19,2,204,369,47,1,0,2,0,0,1,3,1,2,0,2,0,2,0,0,1,1,0,1,657,0,658,0
117,39,117,0,8,1,80,88,425,2,1,2,0,0,0,0,0,0,0,2,0,1,0,0,0,0,3,1,613,0,614,0
118,39,118,0,11,0,81,78,343,0,0,0,0,0,0,1,1,3,0,3,1,1,0,1,2,1,1,2,528,0,530,0
119,39,119,0,12,1,59,110,310,1,0,0,0,0,1,1,0,0,0,0,0,1,0,1,2,1,0,0,500,0,500,0
120,39,120,0,13,0,62,98,311,3,0,0,0,0,0,1,0,2,0,0,0,1,3,0,0,2,0,1,496,0,497,0
121,39,121,0,36,3,164,322,428,2,0,0,1,0,0,1,0,0,0,0,0,3,7,0,1,3,3,2,974,0,976,0
122,39,122,0,15,1,164,130,548,1,2,2,0,0,2,1,1,2,1,0,0,0,0,1,1,1,0,2,873,0,875,0
123,39,123,0,30,1,85,202,182,3,0,0,1,0,1,0,0,1,0,5,0,1,0,0,1,2,1,3,516,0,519,0
124,39,124,0,16,0,47,242,579,1,2,0,0,0,0,0,1,0,1,1,0,0,0,1,1,18,0,0,910,0,910,0
125,39,125,0,9,0,38,120,201,0,1,0,0,0,0,1,1,3,0,1,0,0,0,0,0,10,0,0,385,0,385,0
126,39,126,0,15,0,100,146,539,4,0,0,0,0,0,1,0,3,0,0,0,0,0,3,1,0,1,1,813,0,814,0
127,39,127,0,0,0,0,0,0,0,0,0,0,0,0,0,0,0,0,0,0,0,0,0,0,0,0,0,0,0,0,0
127,39,127,0,13,0,104,134,427,3,0,0,0,0,1,3,1,1,1,1,0,0,3,1,0,1,0,1,694,0,695,0
128,39,128,0,0,0,0,0,0,0,0,0,0,0,0,0,0,0,0,0,0,0,0,0,0,0,0,0,0,0,0,0
128,39,128,0,23,0,80,213,612,2,2,2,1,0,1,2,3,0,1,1,3,1,1,1,4,4,0,4,957,0,961,0
129,39,129,0,13,0,71,167,470,0,1,0,0,0,0,1,0,0,0,0,0,0,0,1,0,2,0,0,726,0,726,0
129,39,129,0,0,0,0,0,0,0,0,0,0,0,0,0,0,0,0,0,0,0,0,0,0,0,0,0,0,0,0,0
130,39,130,0,8,1,224,251,120,1,0,0,0,0,1,2,0,0,1,2,0,0,0,1,0,1,1,5,614,0,619,0
131,39,131,0,23,2,160,273,209,1,1,0,0,2,2,0,0,0,0,1,1,0,1,2,1,3,1,7,683,0,690,0
132,39,132,0,29,0,134,271,303,3,0,0,0,0,1,1,0,0,0,0,2,0,0,1,1,0,0,2,746,0,748,0
133,39,133,0,27,3,235,323,192,2,0,0,0,2,0,0,0,0,2,2,0,0,0,1,1,0,1,5,791,0,796,0
134,39,134,0,28,2,219,416,114,1,0,0,0,3,2,2,2,1,1,4,1,1,4,4,0,3,1,0,809,0,809,0
135,39,135,0,10,2,138,323,112,1,1,1,2,0,0,2,0,0,0,1,2,0,2,0,1,4,1,1,603,0,604,0
136,39,136,0,13,0,155,212,386,1,1,0,0,1,0,1,0,0,0,2,1,0,1,0,3,0,0,1,777,0,778,0
137,39,137,0,16,2,255,436,84,1,0,0,0,0,2,0,0,1,1,0,0,0,0,1,1,0,0,1,800,0,801,0
138,39,138,0,14,2,107,282,263,2,0,0,0,0,1,3,0,0,0,0,0,0,1,0,3,0,2,2,680,0,682,0
139,39,139,0,4,2,63,144,442,2,2,2,0,0,1,1,1,0,0,1,0,1,1,1,0,2,0,0,670,0,670,0
140,39,140,0,5,0,147,205,320,2,0,1,0,0,1,1,2,3,1,1,1,2,2,0,1,1,1,2,697,0,699,0
141,39,141,0,0,0,0,0,0,0,0,0,0,0,0,0,0,0,0,0,0,0,0,0,0,0,0,0,0,0,0,0
141,39,141,0,15,4,95,280,334,0,2,0,1,2,2,0,1,1,0,1,0,1,1,2,3,3,2,1,750,0,751,0
142,39,142,0,0,0,0,0,0,0,0,0,0,0,0,0,0,0,0,0,0,0,0,0,0,0,0,0,0,0,0,0
142,39,142,0,35,1,325,414,158,1,2,2,0,0,2,0,1,2,1,1,2,0,1,2,0,0,0,0,950,0,950,0
143,39,143,0,11,1,64,158,274,1,2,0,0,0,0,1,0,0,0,1,1,0,2,1,1,0,0,0,518,0,518,0
143,39,143,0,0,0,0,0,0,0,0,0,0,0,0,0,0,0,0,0,0,0,0,0,0,0,0,0,0,0,0,0
144,39,144,0,9,0,58,96,314,2,0,2,0,0,0,0,0,0,0,2,1,1,2,1,2,1,1,0,492,0,492,0
145,39,145,0,26,3,118,228,276,3,1,1,0,1,2,1,2,1,1,2,0,1,1,1,2,0,0,2,671,0,673,0
146,39,146,0,16,3,109,251,407,3,1,0,0,0,1,0,0,0,1,1,2,3,4,3,4,3,3,3,815,0,818,0
147,39,147,0,16,1,78,98,517,2,0,0,0,0,1,0,0,0,0,1,0,0,2,0,1,1,1,3,719,0,722,0
148,39,148,0,16,2,52,182,433,1,0,0,0,0,1,0,0,0,1,0,0,0,0,2,1,5,0,2,696,0,698,0
149,39,149,0,23,2,205,347,375,0,2,1,0,1,0,1,0,0,0,2,1,0,1,0,0,3,0,1,964,0,965,0
150,39,150,0,5,2,114,136,154,3,1,0,0,0,1,0,0,0,0,1,0,0,0,0,1,2,0,0,420,0,420,0
151,39,151,0,7,2,54,164,321,0,1,1,0,0,4,0,0,0,0,2,0,1,0,2,2,2,0,0,563,0,563,0
152,39,152,0,15,1,89,175,548,2,0,0,0,1,0,0,0,0,0,1,0,0,0,1,3,3,0,2,839,0,841,0
153,39,153,0,21,1,170,213,399,5,1,2,0,0,0,1,0,0,1,1,1,2,4,3,2,2,0,4,829,0,833,0
154,39,154,0,16,1,28,195,425,2,1,0,1,1,0,4,1,0,1,1,0,0,0,0,0,5,0,2,682,0,684,0
155,39,155,0,26,2,304,415,63,0,0,1,0,0,0,0,1,2,0,0,0,2,2,0,1,0,1,2,820,0,822,0
155,39,155,0,0,0,0,0,0,0,0,0,0,0,0,0,0,0,0,0,0,0,0,0,0,0,0,0,0,0,0,0
156,39,156,0,19,1,213,465,46,1,0,0,0,0,2,0,1,0,0,1,1,0,0,1,0,0,0,0,751,0,751,0
156,39,156,0,0,0,0,0,0,0,0,0,0,0,0,0,0,0,0,0,0,0,0,0,0,0,0,0,0,0,0,0
157,39,157,0,30,0,210,260,240,0,0,0,0,0,0,0,0,1,0,1,0,1,1,1,0,0,1,3,746,0,749,0
157,39,157,0,0,0,0,0,0,0,0,0,0,0,0,0,0,0,0,0,0,0,0,0,0,0,0,0,0,0,0,0
158,39,158,0,15,1,92,195,382,1,0,1,0,0,0,0,0,0,0,1,0,0,1,1,2,1,0,2,693,0,695,0
159,39,159,0,25,0,238,279,234,0,1,0,0,0,2,1,0,0,0,2,2,2,2,1,0,2,0,4,791,0,795,0
160,39,160,0,1,0,104,194,206,2,0,0,0,0,0,1,0,0,0,1,0,0,1,1,3,4,0,1,518,0,519,0
161,39,161,0,13,1,117,236,418,0,0,0,0,0,0,0,1,1,0,0,0,0,1,0,0,1,0,1,789,0,790,0
162,39,162,0,20,1,161,243,385,2,2,0,0,1,0,0,0,0,0,0,0,1,3,2,2,6,0,1,829,0,830,0
163,39,163,0,19,2,110,278,132,3,1,0,0,1,0,1,0,0,2,2,0,0,0,0,0,1,1,1,553,0,554,0
164,39,164,0,9,0,29,144,374,2,0,0,0,0,0,0,0,0,1,1,0,0,0,0,0,0,0,0,560,0,560,0
165,39,165,0,9,1,75,165,313,1,0,0,0,0,0,4,0,1,1,0,0,0,0,2,1,1,0,1,574,0,575,0
166,39,166,0,23,3,87,226,356,1,2,0,0,1,1,0,0,0,0,1,1,3,2,1,2,3,0,4,713,0,717,0
167,39,167,0,4,0,43,161,383,0,0,0,0,0,0,3,2,0,1,0,0,0,1,0,0,0,1,1,599,0,600,0
168,39,168,0,10,0,160,120,226,0,0,0,0,0,0,0,0,0,0,0,0,1,0,2,0,0,1,0,520,0,520,0
169,39,169,0,0,0,0,0,0,0,0,0,0,0,0,0,0,0,0,0,0,0,0,0,0,0,0,0,0,0,0,0
169,39,169,0,17,2,86,219,273,4,0,0,1,0,0,0,0,0,0,0,1,1,2,0,1,4,0,1,611,0,612,0
170,39,170,0,0,0,0,0,0,0,0,0,0,0,0,0,0,0,0,0,0,0,0,0,0,0,0,0,0,0,0,0
170,39,170,0,12,0,105,182,115,1,1,1,1,1,0,1,1,0,0,0,0,0,2,1,0,1,1,0,426,0,426,0
171,39,171,0,0,0,0,0,0,0,0,0,0,0,0,0,0,0,0,0,0,0,0,0,0,0,0,0,0,0,0,0
171,39,171,0,37,1,52,364,515,3,1,1,0,2,0,1,5,0,0,0,2,1,1,1,2,4,0,2,993,0,995,0
172,39,172,0,16,1,189,355,348,0,2,2,0,1,0,2,1,1,0,0,1,0,4,2,1,2,0,4,928,0,932,0
173,39,173,0,25,0,168,151,73,0,0,0,0,5,0,0,0,0,0,0,0,1,0,0,0,1,0,1,424,0,425,0
174,39,174,0,11,1,53,138,404,0,0,0,0,0,0,1,1,0,0,0,0,0,0,0,0,0,0,1,609,0,610,0
175,39,175,0,9,0,27,138,427,1,1,0,0,0,2,0,0,0,0,0,0,2,1,0,0,0,0,0,608,0,608,0
176,39,176,0,60,3,215,387,225,2,1,0,0,0,2,0,5,2,0,2,1,3,4,4,2,2,0,5,920,0,925,0
177,39,177,0,5,0,42,185,128,0,1,0,1,0,1,1,1,0,0,1,0,0,0,0,0,2,0,1,368,0,369,0
178,39,178,0,10,1,86,196,187,1,1,0,1,0,0,1,2,0,0,0,0,0,0,0,0,2,1,2,489,0,491,0
179,39,179,0,10,3,167,216,9,0,0,0,1,0,0,0,0,0,0,0,1,0,1,1,1,0,0,2,410,0,412,0
180,39,180,0,22,0,183,359,192,0,1,1,0,0,0,0,0,0,0,3,2,1,3,2,3,2,0,3,774,0,777,0
181,39,181,0,16,0,201,246,73,0,0,1,0,0,0,1,1,0,0,0,2,3,0,2,0,0,0,1,546,0,547,0
182,39,182,0,11,0,59,183,436,1,2,0,0,0,0,0,0,0,0,0,0,2,1,1,1,3,0,2,700,0,702,0
183,39,183,0,0,0,0,0,0,0,0,0,0,0,0,0,0,0,0,0,0,0,0,0,0,0,0,0,0,0,0,0
183,39,183,0,6,0,122,191,329,1,1,0,0,0,0,0,0,0,0,0,0,0,0,0,0,0,1,1,651,0,652,0
184,39,184,0,6,0,90,195,375,0,0,0,1,0,2,6,0,2,0,0,0,1,0,0,0,0,0,0,678,0,678,0
184,39,184,0,0,0,0,0,0,0,0,0,0,0,0,0,0,0,0,0,0,0,0,0,0,0,0,0,0,0,0,0
185,39,185,0,5,0,62,155,463,0,1,0,2,0,0,1,0,2,0,0,1,0,1,0,0,0,0,1,693,0,694,0
185,39,185,0,0,0,0,0,0,0,0,0,0,0,0,0,0,0,0,0,0,0,0,0,0,0,0,0,0,0,0,0
186,39,186,0,11,0,46,153,407,0,0,0,0,0,1,1,0,0,0,0,0,0,1,1,2,4,0,0,627,0,627,0
187,39,187,0,16,1,46,185,274,1,1,1,0,1,1,3,3,3,0,4,2,0,2,0,4,0,0,0,548,0,548,0
188,39,188,0,15,1,175,300,372,2,4,0,0,1,2,1,0,1,2,3,1,1,8,5,2,7,0,4,903,0,907,0
189,39,189,0,21,0,184,201,133,2,0,0,0,0,1,1,0,0,0,0,1,1,3,0,1,2,0,1,551,0,552,0
190,39,190,0,20,1,20,138,335,2,0,0,1,2,1,0,0,0,0,1,0,1,3,0,1,3,1,0,530,0,530,0
191,39,191,0,18,1,259,287,34,0,0,0,0,0,1,0,0,1,0,0,1,2,5,1,0,0,1,0,611,0,611,0
192,39,192,0,8,1,23,116,359,2,0,1,1,0,1,0,4,0,0,1,0,1,0,3,2,6,0,0,529,0,529,0
193,39,193,0,4,0,37,115,352,3,0,2,0,0,2,0,0,0,0,2,0,0,0,0,0,2,0,0,519,0,519,0
194,39,194,0,67,0,164,367,108,0,0,0,1,0,1,0,2,1,0,1,0,1,0,0,1,1,0,1,715,0,716,0
195,39,195,0,12,1,111,162,287,1,0,0,1,0,0,0,1,2,0,2,0,1,1,3,0,1,2,2,588,0,590,0
196,39,196,0,11,1,143,444,62,1,0,0,0,1,0,1,0,2,0,1,0,0,3,4,2,4,0,0,680,0,680,0
197,39,197,0,0,0,0,0,0,0,0,0,0,0,0,0,0,0,0,0,0,0,0,0,0,0,0,0,0,0,0,0
197,39,197,0,5,2,370,203,48,0,0,0,0,0,1,0,0,0,1,0,1,0,1,0,0,1,0,0,633,0,633,0
198,39,198,0,0,0,0,0,0,0,0,0,0,0,0,0,0,0,0,0,0,0,0,0,0,0,0,0,0,0,0,0
198,39,198,0,12,0,347,164,69,0,0,0,0,2,0,2,0,0,0,0,0,0,1,0,0,1,0,0,598,0,598,0
199,39,199,0,47,2,198,512,88,0,0,0,0,0,0,0,2,0,0,1,1,0,1,0,0,1,0,1,853,0,854,0
199,39,199,0,0,0,0,0,0,0,0,0,0,0,0,0,0,0,0,0,0,0,0,0,0,0,0,0,0,0,0,0
200,39,200,0,10,0,59,97,330,8,0,0,0,1,0,0,1,0,1,0,2,1,0,1,1,3,1,1,516,0,517,0
201,39,201,0,4,0,156,230,110,1,0,0,0,0,1,0,0,0,0,0,1,0,0,2,1,0,0,5,506,0,511,0
202,39,202,0,12,0,60,136,441,0,0,0,0,0,0,0,0,0,0,0,0,0,1,0,0,0,0,0,650,0,650,0
203,39,203,0,19,0,59,137,465,0,1,1,0,0,1,0,0,0,0,0,0,0,1,0,3,1,0,2,688,0,690,0
204,39,204,0,19,1,176,214,400,1,1,0,0,0,0,1,2,1,1,0,0,1,2,0,4,3,0,1,827,0,828,0
205,39,205,0,6,0,49,104,643,2,0,0,0,0,1,0,1,0,0,0,0,0,1,0,0,0,0,0,807,0,807,0
206,39,206,0,14,1,148,237,177,0,0,0,0,0,0,0,0,0,0,0,1,0,1,0,0,3,1,2,583,0,585,0
207,39,207,0,35,0,128,240,215,2,1,2,3,0,2,2,3,1,1,2,1,1,1,1,1,2,0,0,644,0,644,0
208,39,208,0,16,1,144,258,139,2,0,0,0,0,1,2,2,0,0,0,0,1,4,0,0,1,0,0,571,0,571,0
209,39,209,0,20,0,103,180,520,2,3,0,0,0,0,2,1,0,0,1,1,0,0,1,1,3,0,3,838,0,841,0
210,39,210,0,18,1,44,133,410,1,0,0,0,0,0,3,0,1,0,0,0,1,0,1,0,1,0,0,614,0,614,0
211,39,211,0,0,0,0,0,0,0,0,0,0,0,0,0,0,0,0,0,0,0,0,0,0,0,0,0,0,0,0,0
211,39,211,0,8,0,139,223,69,0,0,0,0,0,0,1,2,0,0,0,0,0,0,0,0,0,0,0,442,0,442,0
212,39,212,0,26,2,129,347,476,6,0,0,0,0,0,4,2,0,0,1,1,0,2,0,1,0,0,0,997,0,997,0
212,39,212,0,0,0,0,0,0,0,0,0,0,0,0,0,0,0,0,0,0,0,0,0,0,0,0,0,0,0,0,0
213,39,213,0,15,1,83,168,157,0,1,0,1,0,1,0,1,1,0,2,1,0,0,0,1,4,0,2,437,0,439,0
213,39,213,0,0,0,0,0,0,0,0,0,0,0,0,0,0,0,0,0,0,0,0,0,0,0,0,0,0,0,0,0
214,39,214,0,10,0,77,200,442,1,0,2,1,0,2,1,2,0,0,1,0,3,1,2,3,6,0,6,754,0,760,0
215,39,215,0,14,0,113,158,460,2,0,0,0,1,0,0,0,1,1,0,0,2,0,0,1,4,1,0,758,0,758,0
216,39,216,0,30,1,189,438,119,1,2,1,1,0,2,0,2,1,1,4,0,1,2,4,0,1,1,0,801,0,801,0
217,39,217,0,35,0,283,434,204,1,1,0,1,0,0,1,1,1,0,1,1,1,2,4,2,2,1,2,976,0,978,0
218,39,218,0,9,0,89,164,280,1,1,0,0,0,1,1,2,2,1,4,2,0,1,1,0,1,0,0,560,0,560,0
219,39,219,0,6,1,133,173,139,0,2,0,0,0,0,1,0,3,0,1,0,2,3,1,0,2,0,3,467,0,470,0
220,39,220,0,63,2,221,243,69,0,1,0,1,0,1,1,0,0,0,0,2,2,0,2,0,1,0,2,609,0,611,0
221,39,221,0,15,2,44,185,499,1,1,0,0,0,0,0,0,0,0,0,0,0,0,0,1,0,0,2,748,0,750,0
222,39,222,0,17,0,74,146,276,1,0,1,0,0,1,0,1,0,0,2,1,0,2,1,0,0,1,1,524,0,525,0
223,39,223,0,17,0,69,156,400,1,2,0,0,1,0,0,0,1,1,1,0,0,0,0,1,1,0,0,651,0,651,0
224,39,224,0,21,2,64,216,604,3,0,0,0,1,0,1,0,1,0,3,0,3,1,0,0,4,1,1,925,0,926,0
225,39,225,0,0,0,0,0,0,0,0,0,0,0,0,0,0,0,0,0,0,0,0,0,0,0,0,0,0,0,0,0
225,39,225,0,27,1,123,230,292,0,0,3,0,2,0,2,2,2,1,2,1,0,2,0,1,1,1,5,693,0,698,0
226,39,226,0,0,0,0,0,0,0,0,0,0,0,0,0,0,0,0,0,0,0,0,0,0,0,0,0,0,0,0,0
226,39,226,0,14,0,133,241,302,1,0,1,1,0,0,3,0,1,0,1,1,0,5,7,0,4,1,1,716,0,717,0
227,39,227,0,20,1,200,224,221,1,0,0,1,0,0,0,1,1,1,1,1,1,2,1,1,1,2,1,681,0,682,0
227,39,227,0,0,0,0,0,0,0,0,0,0,0,0,0,0,0,0,0,0,0,0,0,0,0,0,0,0,0,0,0
228,39,228,0,20,1,127,191,278,5,1,1,0,3,1,2,1,1,0,3,0,0,3,0,1,3,1,1,643,0,644,0
229,39,229,0,16,1,248,308,208,4,2,0,1,0,2,1,3,0,0,4,2,4,2,2,2,2,2,2,814,0,816,0
230,39,230,0,13,3,246,294,189,0,0,1,2,0,1,0,1,6,2,2,1,0,6,3,0,3,1,0,774,0,774,0
231,39,231,0,14,1,200,282,130,0,2,1,2,0,2,2,0,0,0,1,1,1,14,2,1,0,1,2,657,0,659,0
232,39,232,0,29,0,140,335,368,3,0,2,1,0,3,3,2,1,1,7,0,0,1,0,2,6,0,2,904,0,906,0
233,39,233,0,32,2,225,301,93,0,2,0,1,1,0,0,1,1,0,2,2,3,1,0,1,0,1,0,669,0,669,0
234,39,234,0,14,1,180,200,147,3,1,1,0,0,0,2,2,6,0,1,0,0,4,2,1,2,0,2,567,0,569,0
235,39,235,0,10,2,197,277,53,0,1,1,0,0,0,0,3,0,0,0,0,1,5,4,0,1,0,1,555,0,556,0
236,39,236,0,8,1,146,220,168,1,0,0,0,0,1,0,1,0,0,0,0,4,0,0,0,1,0,1,551,0,552,0
237,39,237,0,7,1,179,150,133,0,0,0,0,0,0,0,0,2,1,0,0,3,1,0,0,1,1,1,479,0,480,0
238,39,238,0,22,0,90,289,142,0,1,1,1,0,0,0,0,0,0,4,0,0,0,0,0,4,0,1,554,0,555,0
239,39,239,0,0,0,0,0,0,0,0,0,0,0,0,0,0,0,0,0,0,0,0,0,0,0,0,0,0,0,0,0
239,39,239,0,13,1,118,213,116,1,1,0,0,0,3,1,1,0,1,3,0,1,1,1,0,4,0,0,479,0,479,0
240,39,240,0,0,0,0,0,0,0,0,0,0,0,0,0,0,0,0,0,0,0,0,0,0,0,0,0,0,0,0,0
240,39,240,0,37,3,246,283,147,0,2,0,0,0,0,0,0,0,0,1,1,1,3,1,0,0,0,3,725,0,728,0
241,39,241,0,0,0,0,0,0,0,0,0,0,0,0,0,0,0,0,0,0,0,0,0,0,0,0,0,0,0,0,0
241,39,241,0,23,1,165,231,89,1,0,0,0,0,0,0,0,1,0,1,0,0,0,0,0,0,0,1,512,0,513,0
242,39,242,0,39,0,165,333,127,0,0,0,0,1,0,0,1,0,0,0,2,0,1,5,0,1,0,1,675,0,676,0
243,39,243,0,24,1,129,252,61,0,0,0,0,0,0,1,0,0,0,0,3,2,4,1,0,0,0,1,478,0,479,0
244,39,244,0,38,1,193,418,230,4,2,0,2,0,0,2,1,1,0,5,1,1,4,1,0,3,2,3,909,0,912,0
245,39,245,0,25,0,234,362,213,2,1,0,0,1,0,0,0,0,0,0,0,0,2,1,0,1,0,2,842,0,844,0
246,39,246,0,14,1,156,323,229,1,2,2,1,1,0,2,1,1,1,0,1,1,1,1,2,4,1,2,746,0,748,0
247,39,247,0,12,1,163,283,101,0,1,0,1,0,0,2,0,1,1,1,1,0,4,0,0,3,0,1,575,0,576,0
248,39,248,0,14,1,170,227,73,0,1,0,1,0,0,1,2,1,0,0,2,0,0,0,0,1,0,0,494,0,494,0
249,39,249,0,31,2,235,348,190,1,0,0,3,0,0,3,2,1,2,3,0,4,5,1,2,3,1,1,837,0,838,0
250,39,250,0,20,2,298,361,108,2,0,2,1,0,1,0,0,0,0,1,0,1,3,1,0,0,0,1,801,0,802,0
251,39,251,0,21,2,106,257,501,0,1,0,1,0,1,1,0,0,0,1,0,0,1,0,0,0,0,4,893,0,897,0
252,39,252,0,28,8,212,353,294,0,0,1,0,1,4,1,2,1,1,4,0,1,3,2,0,1,2,4,919,0,923,0
253,39,253,0,25,1,235,293,140,0,0,0,1,0,0,0,0,0,0,2,1,1,0,0,0,2,1,0,702,0,702,0
253,39,253,0,0,0,0,0,0,0,0,0,0,0,0,0,0,0,0,0,0,0,0,0,0,0,0,0,0,0,0,0
254,39,254,0,0,0,0,0,0,0,0,0,0,0,0,0,0,0,0,0,0,0,0,0,0,0,0,0,0,0,0,0
254,39,254,0,17,0,132,200,127,0,1,0,0,0,0,1,0,0,0,0,0,0,0,1,1,0,0,4,480,0,484,0
255,39,255,0,21,2,170,271,77,0,0,0,0,0,2,0,1,0,0,1,0,1,0,0,0,0,0,1,546,0,547,0
255,39,255,0,0,0,0,0,0,0,0,0,0,0,0,0,0,0,0,0,0,0,0,0,0,0,0,0,0,0,0,0
256,39,256,0,23,3,231,257,140,1,1,0,0,0,0,1,1,1,1,2,0,3,1,0,0,2,0,1,668,0,669,0
257,39,257,0,16,0,178,205,52,0,0,0,0,0,0,1,0,0,0,0,0,0,1,1,1,1,0,0,456,0,456,0
258,39,258,0,10,1,123,299,135,1,1,0,0,1,26,3,1,2,0,4,1,0,1,0,0,2,0,2,611,0,613,0
259,39,259,0,19,1,242,274,112,0,0,0,0,0,0,1,1,0,0,0,0,5,2,2,2,2,0,3,663,0,666,0
260,39,260,0,7,1,160,135,326,1,1,0,1,0,2,0,0,1,1,0,1,1,2,0,1,2,0,0,643,0,643,0
261,39,261,0,7,0,56,124,263,1,1,0,0,0,0,0,0,0,0,1,1,1,0,0,0,1,0,1,456,0,457,0
262,39,262,0,26,2,187,542,100,2,0,0,1,0,0,6,3,0,0,3,2,1,0,4,0,3,3,3,885,0,888,0
263,39,263,0,10,3,127,154,202,0,0,1,0,0,1,0,0,0,0,0,0,0,0,0,0,4,1,0,503,0,503,0
264,39,264,0,14,0,173,188,225,0,0,0,0,1,1,0,2,1,0,4,0,0,4,0,1,3,0,1,617,0,618,0
265,39,265,0,25,0,105,241,399,1,2,1,0,2,0,0,0,1,1,1,0,4,1,0,2,2,0,2,788,0,790,0
266,39,266,0,16,0,112,237,595,2,1,0,4,0,1,3,0,0,0,2,1,0,0,0,0,1,0,0,975,0,975,0
267,39,267,0,11,3,283,444,87,0,0,0,0,0,0,1,1,2,0,1,0,0,1,1,0,0,0,3,835,0,838,0
267,39,267,0,0,0,0,0,0,0,0,0,0,0,0,0,0,0,0,0,0,0,0,0,0,0,0,0,0,0,0,0
268,39,268,0,23,1,147,205,110,1,0,0,1,0,0,0,1,0,1,2,1,0,1,0,1,0,0,1,495,0,496,0
268,39,268,0,0,0,0,0,0,0,0,0,0,0,0,0,0,0,0,0,0,0,0,0,0,0,0,0,0,0,0,0
269,39,269,0,32,0,161,419,172,0,0,0,1,0,1,0,0,3,0,0,1,3,7,2,0,3,0,0,805,0,805,0
269,39,269,0,0,0,0,0,0,0,0,0,0,0,0,0,0,0,0,0,0,0,0,0,0,0,0,0,0,0,0,0
270,39,270,0,28,1,264,400,130,0,1,0,0,1,0,2,0,1,0,2,0,4,3,0,0,0,1,2,838,0,840,0
271,39,271,0,26,2,189,449,166,2,1,1,1,1,1,0,0,1,0,4,2,2,1,1,0,3,0,2,853,0,855,0
272,39,272,0,30,4,306,396,136,1,1,3,0,0,0,5,3,5,2,5,0,2,0,0,1,4,0,0,904,0,904,0
273,39,273,0,19,1,116,187,463,0,2,0,2,0,3,1,0,3,1,1,1,2,0,2,1,1,0,1,806,0,807,0
274,39,274,0,48,3,178,298,320,0,1,2,1,1,0,0,2,1,1,0,3,3,5,2,6,6,1,4,882,0,886,0
275,39,275,0,12,0,102,117,459,0,1,0,0,0,1,0,0,1,1,0,1,1,1,1,2,8,1,1,709,0,710,0
276,39,276,0,34,0,130,282,144,0,0,0,0,1,0,0,0,0,0,0,0,1,1,0,0,1,0,0,594,0,594,0
277,39,277,0,25,1,157,265,95,1,1,1,0,0,1,0,1,0,1,0,1,1,2,2,0,3,2,0,560,0,560,0
278,39,278,0,21,1,205,285,233,2,0,0,1,0,1,1,1,0,0,1,0,4,3,2,0,3,0,2,764,0,766,0
279,39,279,0,26,0,189,316,130,0,0,1,0,0,2,1,1,1,0,1,0,0,2,3,0,3,0,4,676,0,680,0
280,39,280,0,21,2,263,524,140,0,0,0,2,1,2,1,4,2,0,1,0,1,2,5,3,1,0,1,975,0,976,0
281,39,281,0,29,0,167,205,138,3,0,1,0,0,1,0,0,0,0,0,1,3,2,1,1,0,0,4,552,0,556,0
281,39,281,0,0,0,0,0,0,0,0,0,0,0,0,0,0,0,0,0,0,0,0,0,0,0,0,0,0,0,0,0
282,39,282,0,28,3,229,309,124,0,1,0,0,0,0,0,0,0,0,1,1,2,1,0,0,0,0,1,699,0,700,0
282,39,282,0,0,0,0,0,0,0,0,0,0,0,0,0,0,0,0,0,0,0,0,0,0,0,0,0,0,0,0,0
283,39,283,0,10,1,169,146,91,0,0,1,0,1,0,0,0,0,0,0,0,0,0,0,0,0,0,2,419,0,421,0
283,39,283,0,0,0,0,0,0,0,0,0,0,0,0,0,0,0,0,0,0,0,0,0,0,0,0,0,0,0,0,0
284,39,284,0,26,0,167,157,98,0,0,0,0,0,0,1,0,0,0,0,0,0,0,0,0,1,0,1,450,0,451,0
285,39,285,0,40,1,287,358,214,1,0,0,1,2,1,1,0,0,1,0,0,1,3,5,0,0,0,6,916,0,922,0
286,39,286,0,17,1,176,186,124,1,0,1,0,0,0,0,0,0,0,1,0,0,0,1,0,1,0,1,509,0,510,0
287,39,287,0,26,1,195,306,112,0,0,0,0,1,0,0,0,0,1,0,0,0,5,1,0,2,0,4,650,0,654,0
288,39,288,0,26,0,166,370,155,0,2,1,0,0,0,0,1,1,0,3,0,0,0,0,0,0,0,2,725,0,727,0
289,39,289,0,24,2,220,343,109,0,0,0,0,0,3,0,0,0,0,0,0,1,3,1,0,1,0,0,707,0,707,0
290,39,290,0,17,3,175,248,122,1,0,0,0,0,0,0,1,0,0,1,0,0,0,0,1,0,0,4,569,0,573,0
291,39,291,0,9,2,46,111,483,0,1,1,0,0,0,0,0,1,1,1,0,1,0,0,4,5,0,0,666,0,666,0
292,39,292,0,11,1,163,281,402,2,2,1,0,0,1,0,1,2,0,3,1,3,1,2,1,1,3,3,882,0,885,0
293,39,293,0,6,1,93,180,248,0,1,0,0,0,0,0,0,0,0,1,0,0,2,0,0,0,0,1,532,0,533,0
294,39,294,0,6,0,114,208,239,1,0,0,0,0,0,2,0,2,0,0,0,1,0,1,1,0,0,1,575,0,576,0
295,39,295,0,0,0,0,0,0,0,0,0,0,0,0,0,0,0,0,0,0,0,0,0,0,0,0,0,0,0,0,0
295,39,295,0,20,3,142,218,378,1,0,0,0,0,1,0,0,0,2,1,0,0,2,1,1,3,0,1,773,0,774,0
296,39,296,0,32,1,173,262,247,1,1,0,2,0,0,2,2,0,2,1,0,1,5,1,0,0,1,2,734,0,736,0
296,39,296,0,0,0,0,0,0,0,0,0,0,0,0,0,0,0,0,0,0,0,0,0,0,0,0,0,0,0,0,0
297,39,297,0,0,0,0,0,0,0,0,0,0,0,0,0,0,0,0,0,0,0,0,0,0,0,0,0,0,0,0,0
297,39,297,0,23,0,242,281,133,1,0,0,0,0,1,1,0,2,0,2,2,0,0,1,0,2,0,4,691,0,695,0
298,39,298,0,36,2,273,305,191,0,0,1,1,0,1,0,2,0,0,1,1,2,1,1,0,0,1,5,819,0,824,0
299,39,299,0,30,2,263,329,100,1,0,0,0,0,2,0,3,1,0,1,0,0,2,0,1,1,1,2,737,0,739,0
300,39,300,0,18,1,181,185,77,0,0,0,0,1,1,0,0,0,0,0,1,2,1,1,0,0,0,3,469,0,472,0
301,39,301,0,43,1,272,447,158,0,1,2,1,0,0,1,0,4,0,3,0,0,3,3,2,4,0,3,945,0,948,0
302,39,302,0,85,4,317,485,68,0,2,4,2,2,1,0,2,0,0,1,3,4,3,3,1,2,2,3,991,0,994,0
303,39,303,0,25,0,233,305,107,2,0,0,0,0,0,0,3,0,0,1,0,0,1,1,1,0,0,0,679,0,679,0
304,39,304,0,17,1,223,390,100,0,2,0,0,1,2,1,0,0,0,1,0,0,1,1,0,0,0,2,740,0,742,0
305,39,305,0,41,6,350,505,118,2,0,1,0,0,1,1,3,1,0,2,2,2,1,2,2,1,0,0,1041,0,1041,0
306,39,306,0,9,3,189,175,318,2,0,0,0,0,0,1,0,3,0,5,0,0,1,0,2,3,0,3,711,0,714,0
307,39,307,0,32,1,234,384,165,1,0,0,0,0,1,1,1,3,0,1,0,0,3,1,1,0,0,2,829,0,831,0
307,39,307,0,0,0,0,0,0,0,0,0,0,0,0,0,0,0,0,0,0,0,0,0,0,0,0,0,0,0,0,0
308,39,308,0,0,0,0,0,0,0,0,0,0,0,0,0,0,0,0,0,0,0,0,0,0,0,0,0,0,0,0,0
308,39,308,0,17,4,262,311,71,1,1,0,0,1,1,1,1,0,0,1,1,1,2,3,0,0,0,2,679,0,681,0
309,39,309,0,0,0,0,0,0,0,0,0,0,0,0,0,0,0,0,0,0,0,0,0,0,0,0,0,0,0,0,0
309,39,309,0,11,0,176,139,163,0,0,0,0,0,1,1,0,0,0,0,0,0,0,0,2,0,0,0,493,0,493,0
310,39,310,0,8,0,102,169,167,2,0,0,0,0,0,0,0,0,0,0,0,0,1,0,0,0,0,0,449,0,449,0
311,39,311,0,11,1,163,174,280,1,1,0,0,0,0,0,0,0,0,1,0,0,0,1,1,0,0,1,634,0,635,0
312,39,312,0,22,2,162,226,386,0,0,0,0,1,1,2,0,0,0,2,0,1,2,0,1,2,1,3,811,0,814,0
313,39,313,0,11,0,93,140,202,0,0,0,0,0,1,1,0,0,0,1,0,0,2,1,2,0,0,0,454,0,454,0
314,39,314,0,16,2,212,262,289,2,1,0,1,0,0,0,1,1,1,0,0,1,0,0,0,3,0,4,792,0,796,0
315,39,315,0,19,0,146,208,168,0,0,0,0,0,0,0,0,1,0,0,0,1,1,1,1,2,0,1,548,0,549,0
316,39,316,0,0,0,0,0,0,0,0,0,0,0,0,0,0,0,0,0,0,0,0,0,0,0,0,0,0,0,0,0
316,39,316,0,5,1,100,141,187,1,0,0,0,0,0,0,1,0,1,1,0,0,0,0,0,0,0,0,438,0,438,0
317,39,317,0,17,2,199,240,170,1,0,0,0,0,1,1,0,0,0,0,1,0,3,0,0,0,0,5,635,0,640,0
317,39,317,0,0,0,0,0,0,0,0,0,0,0,0,0,0,0,0,0,0,0,0,0,0,0,0,0,0,0,0,0
318,39,318,0,17,0,199,224,140,0,0,0,0,0,0,0,0,0,0,0,0,0,3,0,0,0,0,1,583,0,584,0
318,39,318,0,0,0,0,0,0,0,0,0,0,0,0,0,0,0,0,0,0,0,0,0,0,0,0,0,0,0,0,0
319,39,319,0,14,0,281,279,139,0,0,1,1,0,1,1,1,0,0,4,1,0,1,0,1,1,0,2,726,0,728,0
320,39,320,0,7,2,323,310,120,0,0,0,0,0,1,0,2,1,1,0,0,0,3,1,0,0,0,1,771,0,772,0
321,39,321,0,18,0,183,287,284,0,0,0,0,0,0,0,2,2,1,0,1,3,1,4,1,1,0,4,788,0,792,0
322,39,322,0,13,1,240,332,227,0,0,1,1,0,0,1,0,0,1,1,0,0,1,1,1,0,0,2,821,0,823,0
323,39,323,0,29,1,214,297,263,1,1,0,0,1,1,0,0,5,1,1,1,0,0,0,0,0,0,2,816,0,818,0
324,39,324,0,29,4,225,456,110,2,1,1,1,1,1,1,2,0,0,1,2,2,3,1,2,1,0,1,846,0,847,0
325,39,325,0,35,0,290,416,128,2,0,0,0,1,0,1,0,3,1,3,1,3,1,2,1,0,0,4,888,0,892,0
326,39,326,0,21,3,259,369,200,2,0,0,2,0,0,1,0,2,1,3,0,2,1,3,1,1,0,5,871,0,876,0
327,39,327,0,0,0,0,0,0,0,0,0,0,0,0,0,0,0,0,0,0,0,0,0,0,0,0,0,0,0,0,0
327,39,327,0,28,1,321,402,188,2,1,0,0,0,0,0,1,1,0,0,0,1,1,3,1,0,0,4,951,0,955,0
328,39,328,0,13,1,195,193,156,0,0,0,1,0,2,1,0,0,0,0,2,2,1,0,1,1,0,3,569,0,572,0
328,39,328,0,0,0,0,0,0,0,0,0,0,0,0,0,0,0,0,0,0,0,0,0,0,0,0,0,0,0,0,0
329,39,329,0,0,0,0,0,0,0,0,0,0,0,0,0,0,0,0,0,0,0,0,0,0,0,0,0,0,0,0,0
329,39,329,0,8,0,270,242,62,0,0,0,0,0,1,0,1,0,1,0,0,0,2,0,1,0,0,2,588,0,590,0
330,39,330,0,26,2,189,454,188,4,1,2,0,1,4,2,2,4,3,4,2,2,10,3,6,2,1,4,912,0,916,0
331,39,331,0,34,2,216,373,43,0,1,1,0,0,3,0,1,2,0,2,0,1,1,2,1,0,1,2,684,0,686,0
332,39,332,0,33,1,256,456,81,2,2,0,3,3,3,1,1,0,0,1,2,1,8,4,2,3,2,1,865,0,866,0
333,39,333,0,17,2,171,202,199,0,1,0,1,0,1,0,1,2,0,1,0,0,3,1,0,1,0,1,603,0,604,0
334,39,334,0,20,4,109,113,235,0,0,0,1,0,0,1,1,3,0,2,1,0,0,0,0,0,0,0,490,0,490,0
335,39,335,0,22,0,191,191,59,1,0,0,0,0,0,0,0,0,0,0,0,1,2,1,0,2,0,0,470,0,470,0
336,39,336,0,22,2,256,292,268,2,1,0,0,0,2,4,1,2,0,1,0,0,0,0,0,3,0,2,856,0,858,0
337,39,337,0,10,2,108,174,390,0,0,0,1,0,2,4,1,0,0,1,1,0,1,2,1,3,0,1,701,0,702,0
338,39,338,0,26,0,232,278,71,0,0,2,0,0,0,1,0,4,0,1,0,0,2,0,1,0,0,1,618,0,619,0
338,39,338,0,0,0,0,0,0,0,0,0,0,0,0,0,0,0,0,0,0,0,0,0,0,0,0,0,0,0,0,0
339,39,339,0,17,2,198,248,293,1,1,0,0,0,2,2,5,2,3,0,0,3,7,3,4,2,1,2,794,0,796,0
339,39,339,0,0,0,0,0,0,0,0,0,0,0,0,0,0,0,0,0,0,0,0,0,0,0,0,0,0,0,0,0
340,39,340,0,15,0,171,266,42,1,1,0,2,0,0,0,1,1,0,1,0,0,0,1,1,1,1,0,505,0,505,0
340,39,340,0,0,0,0,0,0,0,0,0,0,0,0,0,0,0,0,0,0,0,0,0,0,0,0,0,0,0,0,0
341,39,341,0,13,0,197,281,395,2,0,0,1,0,0,2,0,0,0,0,0,1,2,1,1,0,0,1,896,0,897,0
342,39,342,0,6362,376,57422,83856,78205,485,196,133,132,124,249,310,233,275,102,349,183,284,532,342,314,546,134,557,231144,0,231701,0
343,39,343,0,6468,378,57997,84506,78820,490,197,133,133,124,249,310,234,277,103,349,183,284,532,345,316,548,136,572,233112,285,233969,0
